00
0000
0001
000100
000101
000110
000111
0001110
0001111
0010
001000
001001
001010
0010100
00101010
001010100
001010101
00101011
001010110
001010111
001011
00101100
00101101
00101110
00101111
0010111100
0010111101
00101111010
001011110110
001011110111
0010111110
001011111000
001011111001
001011111010
001011111011
0010111110110
0010111110111
0010111111
00101111110
001011111110
001011111111
0011
001100
0011000
0011001
001101
0011010
00110110
00110111
001101110
0011011110
0011011111
001110
00111000
00111001
00111010
001110100
0011101010
0011101011
00111010110
00111010111
00111011
001110110
001110111
001111
00111100
00111101
001111010
0011110110
0011110111
00111110
00111111
001111110
001111111
01
0100
010000
0100000
01000010
01000011
010001
01000100
010001000
010001001
01000101
0100010100
0100010101
01000101010
010001010110
010001010111
0100010110
0100010111
010001011100
010001011101
010001011110
0100010111100
01000101111010
01000101111011
010001011111
0100010111110
0100010111111
01000110
010001100
0100011010
0100011011
01000111
010001110
0100011110
01000111100
010001111010
010001111011
0100011111
01000111110
010001111110
010001111111
0100011111110
0100011111111
010010
0100100
01001010
01001011
010011
01001100
010011000
0100110010
0100110011
01001101
0100110100
01001101000
01001101001
0100110101
010011010100
010011010101
010011010110
010011010111
0100110110
010011011000
010011011001
010011011010
010011011011
0100110111
010011011100
010011011101
010011011110
0100110111100
0100110111101
010011011111
0100110111110
0100110111111
01001110
0100111000
0100111001
01001110010
01001110011
0100111010
0100111011
010011101100
010011101101
010011101110
010011101111
01001111
010011110
0100111110
0100111111
01001111110
01001111111
0101
010100
01010000
0101000000
01010000000
01010000001
0101000001
010100000100
010100000101
010100000110
010100000111
0101000010
01010000100
01010000101
0101000011
01010000110
010100001110
010100001111
01010001
010100010
0101000110
01010001100
01010001101
0101000111
01010001110
01010001111
01010010
0101001000
0101001001
01010010010
01010010011
0101001010
0101001011
01010011
0101001100
0101001101
01010011010
01010011011
0101001110
01010011100
01010011101
0101001111
010100111100
010100111101
010100111110
010100111111
010101
01010100
0101010000
01010100000
010101000010
010101000011
0101010001
01010100010
010101000110
010101000111
0101010010
01010100100
010101001010
010101001011
0101010011
01010100110
010101001110
010101001111
0101010011110
01010100111110
01010100111111
01010101
0101010100
01010101000
01010101001
0101010101
01010101010
010101010110
010101010111
0101010110
0101010111
010101011100
010101011101
010101011110
010101011111
01010110
010101100
010101101
01010111
010101110
0101011110
0101011111
010110
01011000
0101100000
0101100001
0101100010
0101100011
01011000110
01011000111
01011001
0101100100
01011001000
010110010010
010110010011
0101100101
01011001010
010110010110
010110010111
0101100110
010110011000
010110011001
0101100110010
01011001100110
01011001100111
010110011010
010110011011
0101100111
010110011100
010110011101
0101100111010
0101100111011
010110011110
0101100111100
0101100111101
010110011111
0101100111110
0101100111111
01011010
010110100
0101101010
0101101011
01011011
010110110
0101101110
01011011100
01011011101
0101101111
010110111100
0101101111000
01011011110010
01011011110011
010110111101
0101101111010
0101101111011
010110111110
010110111111
01011011111100
01011011111101
01011011111110
01011011111111
010111
0101110
01011110
0101111000
0101111001
01011110010
01011110011
0101111010
0101111011
01011111
010111110
0101111110
0101111111
01011111110
01011111111
0110
011000
01100000
011000000
011000001
01100001
011000010
0110000110
0110000111
01100010
011000100
0110001010
0110001011
01100011
011000110
0110001110
0110001111
011001
01100100
0110010000
0110010001
0110010010
0110010011
01100100110
011001001110
011001001111
0110010011110
0110010011111
01100101
011001010
0110010110
0110010111
01100110
011001100
011001101
01100111
011001110
0110011110
0110011111
011010
01101000
011010000
0110100010
0110100011
011010001100
011010001101
0110100011010
0110100011011
011010001110
011010001111
0110100011110
0110100011111
01101001
0110100100
0110100101
01101001010
01101001011
0110100110
0110100111
01101010
011010100
011010101
01101011
011010110
0110101110
0110101111
01101011110
011010111110
011010111111
0110101111110
01101011111110
01101011111111
011011
01101100
0110110000
01101100000
01101100001
0110110001
011011000100
011011000101
011011000110
011011000111
0110110001110
0110110001111
0110110010
0110110011
01101100110
01101100111
01101101
011011010
0110110110
0110110111
01101110
011011100
0110111010
0110111011
01101111
011011110
0110111110
011011111000
011011111001
011011111010
011011111011
0110111111
011011111100
0110111111000
0110111111001
011011111101
01101111110100
01101111110101
01101111110110
01101111110111
011011111101110
011011111101111
011011111110
0110111111100
01101111111010
01101111111011
011011111111
0110111111110
01101111111110
01101111111111
0111
011100
01110000
01110001
011100010
011100011
01110010
01110011
011100110
0111001110
0111001111
01110011110
011100111110
011100111111
011101
01110100
01110101
011101010
011101011
01110110
01110111
0111011100
01110111000
01110111001
0111011101
01110111010
011101110110
011101110111
0111011110
0111011111
01110111110
011101111110
011101111111
011110
01111000
0111100000
0111100001
01111000010
01111000011
0111100010
01111000100
011110001010
0111100010100
0111100010101
011110001011
0111100010110
0111100010111
0111100011
011110001100
011110001101
011110001110
0111100011100
0111100011101
011110001111
0111100011110
0111100011111
01111001
0111100100
011110010000
0111100100000
01111001000010
01111001000011
011110010001
0111100100010
0111100100011
011110010010
011110010011
0111100100110
0111100100111
0111100101
011110010100
011110010101
0111100101010
0111100101011
011110010110
0111100101100
0111100101101
011110010111
0111100101110
01111001011110
01111001011111
0111100110
01111001100
011110011010
011110011011
0111100110110
0111100110111
0111100111
011110011100
0111100111000
0111100111001
011110011101
0111100111010
0111100111011
011110011110
011110011111
0111100111110
0111100111111
01111010
0111101000
011110100000
011110100001
011110100010
011110100011
0111101001
01111010010
011110100110
011110100111
0111101010
01111010100
011110101010
011110101011
0111101011
011110101100
011110101101
011110101110
011110101111
0111101011110
01111010111110
01111010111111
01111011
0111101100
01111011000
011110110010
011110110011
0111101101
01111011010
011110110110
0111101101100
0111101101101
011110110111
01111011011100
01111011011101
011110110111010
011110110111011
01111011011110
01111011011111
0111101110
011110111000
011110111001
0111101110010
0111101110011
011110111010
011110111011
0111101110110
0111101110111
0111101111
011110111100
0111101111000
01111011110010
01111011110011
011110111101
0111101111010
01111011110110
01111011110111
011110111110
0111101111100
0111101111101
011110111111
01111011111100
01111011111101
011110111111010
011110111111011
01111011111110
01111011111111
011111
01111100
01111101
011111010
0111110110
01111101100
011111011010
011111011011
0111110110110
01111101101110
01111101101111
011111011011110
011111011011111
0111110111
01111101110
011111011110
011111011111
01111110
0111111000
0111111001
01111110010
01111110011
0111111010
01111110100
011111101010
011111101011
0111111010110
0111111010111
0111111011
01111110110
01111110111
01111111
011111110
0111111110
0111111111
01111111110
011111111110
0111111111100
0111111111101
011111111111
0111111111110
01111111111110
01111111111111
10
1000
100000
100001
100010
1000100
10001010
10001011
100011
10001100
10001101
10001110
10001111
1001
10010
100110
1001100
10011010
10011011
100110110
100110111
100111
10011100
100111000
1001110010
1001110011
10011101
100111010
1001110110
1001110111
10011110
10011111
1010
1011
10110
101110
1011100
10111010
1011101000
1011101001
1011101010
1011101011
10111011
101110110
1011101110
1011101111
101110111100
101110111101
101110111110
101110111111
10111011111100
10111011111101
10111011111110
10111011111111
101111
10111100
10111101
10111110
10111111
11
1100
11000
11001
1101
110100
110101
110110
110111
11011100
11011101
11011110
11011111
110111110
110111111
1110
111000
11100000
111000000
1110000010
1110000011
11100001
1110000100
1110000101
11100001010
111000010110
111000010111
1110000110
11100001100
11100001101
1110000111
11100001110
111000011110
111000011111
11100010
11100011
1110001100
1110001101
11100011010
11100011011
1110001110
11100011100
11100011101
1110001111
11100011110
111000111110
111000111111
111001
11100100
11100101
1110010100
1110010101
1110010110
11100101100
11100101101
1110010111
11100101110
111001011110
11100101111000
11100101111001
11100101111010
11100101111011
111001011111
1110010111110
1110010111111
11100110
1110011000
111001100000
111001100001
111001100010
111001100011
1110011001
11100110010
111001100110
1110011001100
1110011001101
111001100111
1110011001110
1110011001111
1110011010
11100110100
11100110101
1110011011
11100110110
111001101110
111001101111
11100111
111001110
111001111
111010
1110100
11101010
1110101000
11101010000
111010100010
111010100011
1110101001
111010100100
111010100101
111010100110
111010100111
11101010011100
11101010011101
111010100111010
111010100111011
11101010011110
11101010011111
1110101010
111010101000
111010101001
1110101010010
11101010100110
11101010100111
111010101010
1110101010100
1110101010101
111010101011
1110101010110
11101010101110
11101010101111
111010101011110
111010101011111
1110101011
11101010110
111010101110
11101010111000
11101010111001
11101010111010
111010101110100
111010101110101
11101010111011
111010101110110
111010101110111
111010101111
1110101011110
1110101011111
11101011
1110101100
111010110000
111010110001
111010110010
1110101100100
11101011001010
11101011001011
111010110011
1110101100110
1110101100111
1110101101
111010110100
111010110101
111010110110
111010110111
11101011011100
11101011011101
11101011011110
111010110111100
1110101101111010
1110101101111011
11101011011111
111010110111110
1110101101111110
1110101101111111
1110101110
111010111000
11101011100000
11101011100001
11101011100010
111010111000100
111010111000101
11101011100011
111010111000110
111010111000111
111010111001
1110101110010
11101011100110
111010111001100
111010111001101
11101011100111
111010111001110
111010111001111
111010111010
111010111011
1110101110110
11101011101110
11101011101111
1110101111
111010111100
111010111101
11101011110100
11101011110101
11101011110110
11101011110111
111010111110
1110101111100
1110101111101
111010111111
1110101111110
11101011111110
111010111111100
1110101111111010
1110101111111011
11101011111111
1110101111111100
1110101111111101
1110101111111110
1110101111111111
111011
1110110
11101110
11101111
1111
111100
11110000
1111000000
111100000000
111100000001
111100000010
111100000011
1111000001
11110000010
111100000110
111100000111
1111000010
1111000011
11110000110
111100001110
111100001111
11110001
1111000100
11110001000
11110001001
1111000101
11110001010
11110001011
1111000110
1111000111
111100011100
111100011101
1111000111010
1111000111011
111100011110
1111000111100
1111000111101
111100011111
1111000111110
1111000111111
11110010
1111001000
11110010000
11110010001
1111001001
111100100100
111100100101
111100100110
1111001001100
1111001001101
111100100111
1111001001110
11110010011110
11110010011111
1111001010
111100101000
111100101001
111100101010
111100101011
1111001011
111100101100
1111001011000
11110010110010
11110010110011
111100101101
11110010110100
11110010110101
11110010110110
111100101101100
1111001011011010
1111001011011011
11110010110111
111100101101110
1111001011011110
1111001011011111
111100101110
1111001011100
11110010111010
11110010111011
111100101111
1111001011110
11110010111110
11110010111111
11110011
1111001100
111100110000
111100110001
111100110010
1111001100100
1111001100101
111100110011
1111001100110
1111001100111
1111001101
111100110100
111100110101
1111001101010
1111001101011
111100110110
1111001101100
11110011011010
11110011011011
111100110111
11110011011100
11110011011101
111100110111010
111100110111011
11110011011110
111100110111100
111100110111101
11110011011111
111100110111110
1111001101111110
1111001101111111
1111001110
111100111000
111100111001
111100111010
111100111011
1111001110110
11110011101110
11110011101111
1111001111
111100111100
1111001111000
11110011110010
11110011110011
111100111100110
111100111100111
111100111101
11110011110100
11110011110101
11110011110110
11110011110111
111100111110
1111001111100
11110011111010
111100111110100
1111001111101010
1111001111101011
11110011111011
1111001111101100
1111001111101101
1111001111101110
1111001111101111
111100111111
1111001111110
11110011111110
11110011111111
1111001111111100
1111001111111101
1111001111111110
1111001111111111
111101
11110100
1111010000
1111010001
11110100010
11110100011
1111010010
1111010011
11110100110
111101001110
111101001111
11110101
1111010100
1111010101
111101010100
1111010101000
1111010101001
111101010101
1111010101010
1111010101011
111101010110
1111010101100
11110101011010
11110101011011
111101010111
1111010101110
11110101011110
11110101011111
1111010110
111101011000
111101011001
111101011010
11110101101000
11110101101001
11110101101010
11110101101011
111101011011
1111010110110
11110101101110
11110101101111
1111010111
111101011100
111101011101
111101011110
1111010111100
11110101111010
11110101111011
111101011111
1111010111110
11110101111110
11110101111111
11110110
1111011000
11110110000
111101100010
111101100011
1111011001
11110110010
111101100110
1111011001100
1111011001101
111101100111
1111011001110
1111011001111
1111011010
1111011011
111101101100
111101101101
111101101110
1111011011100
1111011011101
111101101111
1111011011110
1111011011111
11110111
1111011100
111101110000
1111011100000
11110111000010
11110111000011
111101110001
11110111000100
11110111000101
11110111000110
11110111000111
111101110001110
111101110001111
111101110010
11110111001000
11110111001001
11110111001010
11110111001011
111101110011
11110111001100
11110111001101
111101110011010
111101110011011
11110111001110
11110111001111
111101110011110
111101110011111
1111011101
111101110100
1111011101000
11110111010010
11110111010011
111101110100110
111101110100111
111101110101
11110111010100
11110111010101
11110111010110
11110111010111
111101110101110
111101110101111
111101110110
11110111011000
11110111011001
11110111011010
111101110110100
111101110110101
11110111011011
111101110110110
1111011101101110
1111011101101111
111101110111
11110111011100
111101110111000
1111011101110010
1111011101110011
11110111011101
111101110111010
111101110111011
11110111011110
111101110111100
1111011101111010
1111011101111011
11110111011111
111101110111110
1111011101111110
1111011101111111
1111011110
111101111000
111101111001
1111011110010
11110111100110
11110111100111
111101111001110
111101111001111
111101111010
1111011110100
11110111101010
11110111101011
111101111010110
111101111010111
111101111011
11110111101100
11110111101101
111101111011010
111101111011011
11110111101110
1111011110111000
1111011110111001
1111011110111010
1111011110111011
11110111101111
1111011110111100
1111011110111101
1111011110111110
1111011110111111
1111011111
111101111100
11110111110000
11110111110001
111101111100010
111101111100011
11110111110010
111101111100100
111101111100101
11110111110011
111101111100110
111101111100111
111101111101
11110111110100
111101111101000
1111011111010010
1111011111010011
11110111110101
111101111101010
1111011111010110
1111011111010111
11110111110110
11110111110111
111101111101110
1111011111011110
1111011111011111
111101111110
11110111111000
11110111111001
111101111110010
1111011111100110
1111011111100111
11110111111010
111101111110100
111101111110101
11110111111011
111101111110110
111101111110111
111101111111
1111011111110
11110111111110
11110111111111
111110
11111000
1111100000
11111000000
11111000001
1111100001
11111000010
111110000110
111110000111
1111100001110
1111100001111
1111100010
11111000100
111110001010
111110001011
1111100011
111110001100
111110001101
111110001110
1111100011100
1111100011101
111110001111
1111100011110
11111000111110
11111000111111
11111001
1111100100
11111001000
111110010010
1111100100100
11111001001010
11111001001011
111110010011
1111100100110
11111001001110
11111001001111
1111100101
11111001010
111110010110
111110010111
1111100101110
11111001011110
11111001011111
1111100110
1111100111
11111001110
111110011110
111110011111
1111100111110
1111100111111
11111010
1111101000
1111101001
1111101010
1111101011
11111011
1111101100
1111101101
1111101110
1111101111
111110111100
1111101111000
1111101111001
111110111101
1111101111010
1111101111011
111110111110
1111101111100
1111101111101
111110111111
1111101111110
11111011111110
11111011111111
111111
11111100
1111110000
11111100000
111111000010
111111000011
1111110001
111111000100
111111000101
1111110001010
11111100010110
11111100010111
111111000110
1111110001100
11111100011010
11111100011011
111111000111
11111100011100
11111100011101
11111100011110
111111000111100
111111000111101
11111100011111
111111000111110
111111000111111
1111110010
111111001000
111111001001
1111110010010
1111110010011
111111001010
1111110010100
1111110010101
111111001011
1111110010110
1111110010111
1111110011
111111001100
1111110011000
1111110011001
111111001101
1111110011010
11111100110110
11111100110111
111111001110
1111110011100
1111110011101
111111001111
11111100111100
11111100111101
11111100111110
11111100111111
11111101
1111110100
111111010000
111111010001
111111010010
111111010011
1111110100110
1111110100111
1111110101
111111010100
111111010101
111111010110
111111010111
1111110101110
11111101011110
11111101011111
111111010111110
111111010111111
1111110110
1111110111
111111011100
1111110111000
1111110111001
111111011101
11111101110100
11111101110101
111111011101010
111111011101011
11111101110110
11111101110111
111111011101110
1111110111011110
1111110111011111
111111011110
1111110111100
11111101111010
11111101111011
111111011111
1111110111110
1111110111111
11111110
1111111000
1111111001
1111111010
11111110100
111111101010
111111101011
1111111010110
11111110101110
11111110101111
1111111011
111111101100
111111101101
111111101110
111111101111
11111111
1111111100
1111111101
11111111010
111111110110
111111110111
1111111101110
11111111011110
11111111011111
1111111110
1111111111
111111111100
111111111101
111111111110
111111111111
1111111111110
1111111111111
